p= [250   57   59  107    3  143  188   97  203   53  201  171   25  214  199   64]
 q= [149 237  141  149  115   27  111   21   24  200   30  242  196 49  154  248]
n = p.*q